NAME : pairopt
TYPE : ACVRP
DIMENSION : 18
EDGE_WEIGHT_TYPE : EXPLICIT
EDGE_WEIGHT_FORMAT : FULL_MATRIX
CAPACITY : 22980
VEHICLES : 2
EDGE_WEIGHT_SECTION
100000 -100000 -100000 100000 100000 100000 100000 100000 100000 100000 100000 100000 100000 100000 100000 100000 100000 100000 
100000 100000 1000000 2875 1815 1723 2019 1941 2018 3081 2303 2183 2369 2001 2443 -29 2894 2196 
100000 1000000 100000 2830 1683 1580 1874 1820 1943 2996 2270 2048 2304 1964 2337 423 2898 2219 
0 0 0 100000 3154 2618 2698 2187 669 466 420 2368 420 626 684 3267 466 680 
0 0 0 3154 100000 384 423 722 2222 3046 2708 679 2574 2434 2304 398 3449 2882 
0 0 0 2618 384 100000 212 314 644 2531 993 372 893 777 693 613 2943 2431 
0 0 0 2698 423 212 100000 361 761 2496 1094 254 1008 930 680 701 3104 2656 
0 0 0 2187 722 314 361 100000 366 2086 698 232 581 600 396 939 2582 2175 
0 0 0 669 2222 644 761 366 100000 769 342 567 248 236 401 2332 857 657 
0 0 0 466 3046 2531 2496 2086 769 100000 739 2116 513 812 495 3309 2200 2391 
0 0 0 420 2708 993 1094 698 342 739 100000 912 233 206 635 2742 526 408 
0 0 0 2368 679 372 254 232 567 2116 912 100000 1483 812 424 1094 2841 2489 
0 0 0 420 2574 893 1008 581 248 513 233 1483 100000 302 401 2704 730 642 
0 0 0 626 2434 777 930 600 236 812 206 812 302 100000 612 2439 727 407 
0 0 0 684 2304 693 680 396 401 495 635 424 401 612 100000 2587 2382 2214 
0 0 0 3267 398 613 701 939 2332 3309 2742 1094 2704 2439 2587 100000 3419 2763 
0 0 0 466 3449 2943 3104 2582 857 2200 526 2841 730 727 2382 3419 100000 485 
0 0 0 680 2882 2431 2656 2175 657 2391 408 2489 642 407 2214 2763 485 100000 
DEMAND_SECTION
1 0
2 0
3 0
4 3966
5 3828
6 556
7 938
8 748
9 966
10 3966
11 977
12 977
13 977
14 557
15 3910
16 609
17 3966
18 3693
DEPOT_SECTION
1
EOF