NAME : pairopt
TYPE : ACVRP
DIMENSION : 12
EDGE_WEIGHT_TYPE : EXPLICIT
EDGE_WEIGHT_FORMAT : FULL_MATRIX
CAPACITY : 6692
VEHICLES : 2
EDGE_WEIGHT_SECTION
100000 -100000 -100000 100000 100000 100000 100000 100000 100000 100000 100000 100000 
100000 100000 1000000 507 2269 1992 1794 542 2055 2062 1716 -83 
100000 1000000 100000 748 -257 455 2991 1757 3252 3341 3017 2675 
0 0 0 100000 564 377 2465 227 2731 2759 2412 949 
0 0 0 564 100000 -156 3208 664 3473 3526 3184 2832 
0 0 0 377 -156 100000 2979 400 3243 3243 2886 2532 
0 0 0 2465 3208 2979 100000 2485 178 312 288 400 
0 0 0 227 664 400 2485 100000 2744 2711 2350 892 
0 0 0 2731 3473 3243 178 2744 100000 233 355 566 
0 0 0 2759 3526 3243 312 2711 233 100000 253 476 
0 0 0 2412 3184 2886 288 2350 355 253 100000 271 
0 0 0 949 2832 2532 400 892 566 476 271 100000 
DEMAND_SECTION
1 0
2 0
3 0
4 556
5 180
6 3910
7 140
8 779
9 977
10 977
11 709
12 692
DEPOT_SECTION
1
EOF