NAME : pairopt
TYPE : ACVRP
DIMENSION : 20
EDGE_WEIGHT_TYPE : EXPLICIT
EDGE_WEIGHT_FORMAT : FULL_MATRIX
CAPACITY : 26590
VEHICLES : 2
EDGE_WEIGHT_SECTION
100000 -100000 -100000 100000 100000 100000 100000 100000 100000 100000 100000 100000 100000 100000 100000 100000 100000 100000 100000 100000 
100000 100000 1000000 2531 368 1786 1825 2723 308 1610 1679 71 2093 1614 552 2610 618 1647 1919 426 
100000 1000000 100000 2681 467 1935 1726 2858 403 1560 1729 169 2210 519 1568 2754 661 1729 2052 386 
0 0 0 100000 2130 500 3398 466 2126 3046 2455 2459 702 3301 2724 466 2173 2384 702 3037 
0 0 0 2130 100000 431 1825 2222 230 1661 405 1084 530 1683 1556 2380 480 731 743 1558 
0 0 0 500 431 100000 2709 702 426 2385 702 639 466 2575 901 702 495 746 466 2328 
0 0 0 3398 1825 2709 100000 3711 959 253 2641 757 3117 233 499 3251 1049 758 2504 272 
0 0 0 466 2222 702 3711 100000 2379 3403 2300 2635 500 3536 3134 2200 2566 2860 2388 3317 
0 0 0 2126 230 426 959 2379 100000 699 634 267 751 929 595 2215 248 475 517 703 
0 0 0 3046 1661 2385 253 3403 699 100000 2482 655 2859 353 242 2873 747 502 2127 243 
0 0 0 2455 405 702 2641 2300 634 2482 100000 581 500 2351 2410 2851 2052 2399 2388 2257 
0 0 0 2459 1084 639 757 2635 267 655 581 100000 840 666 578 2565 438 664 791 476 
0 0 0 702 530 466 3117 500 751 2859 500 840 100000 2894 2660 2388 2134 2485 2200 2715 
0 0 0 3301 1683 2575 233 3536 929 353 2351 666 2894 100000 595 3250 981 854 2503 226 
0 0 0 2724 1556 901 499 3134 595 242 2410 578 2660 595 100000 2513 397 260 686 392 
0 0 0 466 2380 702 3251 2200 2215 2873 2851 2565 2388 3250 2513 100000 2078 2125 500 2957 
0 0 0 2173 480 495 1049 2566 248 747 2052 438 2134 981 397 2078 100000 251 395 664 
0 0 0 2384 731 746 758 2860 475 502 2399 664 2485 854 260 2125 251 100000 424 641 
0 0 0 702 743 466 2504 2388 517 2127 2388 791 2200 2503 686 500 395 424 100000 2208 
0 0 0 3037 1558 2328 272 3317 703 243 2257 476 2715 226 392 2957 664 641 2208 100000 
DEMAND_SECTION
1 0
2 0
3 0
4 3966
5 977
6 3966
7 977
8 3966
9 947
10 904
11 3966
12 334
13 3966
14 977
15 813
16 3966
17 698
18 919
19 3966
20 138
DEPOT_SECTION
1
EOF