NAME : pairopt
TYPE : ACVRP
DIMENSION : 16
EDGE_WEIGHT_TYPE : EXPLICIT
EDGE_WEIGHT_FORMAT : FULL_MATRIX
CAPACITY : 24232
VEHICLES : 2
EDGE_WEIGHT_SECTION
100000 -100000 -100000 100000 100000 100000 100000 100000 100000 100000 100000 100000 100000 100000 100000 100000 
100000 100000 1000000 2801 2675 2125 2801 1594 2125 1925 442 180 441 180 203 485 
100000 1000000 100000 2942 2825 2254 2942 1675 2254 2075 541 285 540 137 303 537 
0 0 0 100000 466 500 2200 2300 2388 689 2208 2568 2374 2929 2642 2859 
0 0 0 466 100000 689 466 2455 689 500 2116 2496 2117 2869 2446 2505 
0 0 0 500 689 100000 2388 500 2200 466 513 775 739 2215 834 2352 
0 0 0 2200 466 2388 100000 2851 500 689 2368 2698 2204 3038 2534 2398 
0 0 0 2300 2455 500 2851 100000 2388 702 405 404 639 517 598 2105 
0 0 0 2388 689 2200 500 2388 100000 466 730 863 510 2374 748 602 
0 0 0 689 500 466 689 702 466 100000 420 676 420 2123 632 740 
0 0 0 2208 2116 513 2368 405 730 420 100000 254 233 504 312 593 
0 0 0 2568 2496 775 2698 404 863 676 254 100000 355 250 217 541 
0 0 0 2374 2117 739 2204 639 510 420 233 355 100000 605 236 425 
0 0 0 2929 2869 2215 3038 517 2374 2123 504 250 605 100000 368 1401 
0 0 0 2642 2446 834 2534 598 748 632 312 217 236 368 100000 322 
0 0 0 2859 2505 2352 2398 2105 602 740 593 541 425 1401 322 100000 
DEMAND_SECTION
1 0
2 0
3 0
4 3966
5 3966
6 3966
7 3966
8 3966
9 3966
10 3966
11 977
12 938
13 977
14 938
15 573
16 138
DEPOT_SECTION
1
EOF