NAME : amtsp
TYPE : ATSP
DIMENSION : 27
EDGE_WEIGHT_TYPE : EXPLICIT
EDGE_WEIGHT_FORMAT : FULL_MATRIX
EDGE_WEIGHT_SECTION
100000 -100000 100000 100000 100000 100000 100000 100000 100000 100000 100000 100000 100000 100000 100000 100000 100000 100000 100000 100000 100000 100000 100000 100000 100000 100000 100000 
100000 100000 2531 2498 3211 3112 3221 -316 -316 439 439 1710 1710 1743 1743 549 549 1884 1884 2199 2199 2006 2006 2242 2554 2550 2177 
0 0 100000 2213 2399 695 499 2763 2763 2478 2478 2511 2511 2131 2131 2132 2132 818 818 400 400 383 383 405 407 640 644 
0 0 2213 100000 505 695 2389 2709 2709 2897 2897 3113 3113 2858 2858 2666 2666 2701 2701 2489 2489 2173 2173 612 635 401 401 
0 0 2399 505 100000 466 2200 3434 3434 3537 3537 3714 3714 3407 3407 3260 3260 3191 3191 2851 2851 2597 2597 827 751 530 780 
0 0 695 695 466 100000 466 3353 3353 3286 3286 3401 3401 3048 3048 2965 2965 2786 2786 2362 2362 2190 2190 641 430 431 680 
0 0 499 2389 2200 466 100000 3459 3459 3219 3219 3254 3254 2872 2872 2873 2873 2575 2575 2085 2085 2069 2069 739 533 743 868 
0 0 2763 2709 3434 3353 3459 100000 -500 8 8 195 195 336 336 255 255 982 982 1370 1370 1267 1267 2483 2795 2786 2412 
0 0 2763 2709 3434 3353 3459 -500 100000 8 8 195 195 336 336 255 255 982 982 1370 1370 1267 1267 2483 2795 2786 2412 
0 0 2478 2897 3537 3286 3219 8 8 100000 -500 -288 -288 -177 -177 -238 -238 526 526 970 970 843 843 2390 2690 2795 2454 
0 0 2478 2897 3537 3286 3219 8 8 -500 100000 -288 -288 -177 -177 -238 -238 526 526 970 970 843 843 2390 2690 2795 2454 
0 0 2511 3113 3714 3401 3254 195 195 -288 -288 100000 -500 -242 -242 -130 -130 472 472 868 868 1020 1020 2521 2804 2952 2634 
0 0 2511 3113 3714 3401 3254 195 195 -288 -288 -500 100000 -242 -242 -130 -130 472 472 868 868 1020 1020 2521 2804 2952 2634 
0 0 2131 2858 3407 3048 2872 336 336 -177 -177 -242 -242 100000 -500 -251 -251 217 217 646 646 670 670 2187 2455 2633 2343 
0 0 2131 2858 3407 3048 2872 336 336 -177 -177 -242 -242 -500 100000 -251 -251 217 217 646 646 670 670 2187 2455 2633 2343 
0 0 2132 2666 3260 2965 2873 255 255 -238 -238 -130 -130 -251 -251 100000 -500 303 303 737 737 684 684 2076 2367 2500 2181 
0 0 2132 2666 3260 2965 2873 255 255 -238 -238 -130 -130 -251 -251 -500 100000 303 303 737 737 684 684 2076 2367 2500 2181 
0 0 818 2701 3191 2786 2575 982 982 526 526 472 472 217 217 303 303 100000 -500 -87 -87 -77 -77 795 994 1103 1050 
0 0 818 2701 3191 2786 2575 982 982 526 526 472 472 217 217 303 303 -500 100000 -87 -87 -77 -77 795 994 1103 1050 
0 0 400 2489 2851 2362 2085 1370 1370 970 970 868 868 646 646 737 737 -87 -87 100000 -500 -277 -277 614 677 911 809 
0 0 400 2489 2851 2362 2085 1370 1370 970 970 868 868 646 646 737 737 -87 -87 -500 100000 -277 -277 614 677 911 809 
0 0 383 2173 2597 2190 2069 1267 1267 843 843 1020 1020 670 670 684 684 -77 -77 -277 -277 100000 -500 384 574 689 586 
0 0 383 2173 2597 2190 2069 1267 1267 843 843 1020 1020 670 670 684 684 -77 -77 -277 -277 -500 100000 384 574 689 586 
0 0 405 612 827 641 739 2483 2483 2390 2390 2521 2521 2187 2187 2076 2076 795 795 614 614 384 384 100000 -289 -193 -262 
0 0 407 635 751 430 533 2795 2795 2690 2690 2804 2804 2455 2455 2367 2367 994 994 677 677 574 574 -289 100000 -266 -156 
0 0 640 401 530 431 743 2786 2786 2795 2795 2952 2952 2633 2633 2500 2500 1103 1103 911 911 689 689 -193 -266 100000 -250 
0 0 644 401 780 680 868 2412 2412 2454 2454 2634 2634 2343 2343 2181 2181 1050 1050 809 809 586 586 -262 -156 -250 100000 
