NAME : amtsp
TYPE : ATSP
DIMENSION : 14
EDGE_WEIGHT_TYPE : EXPLICIT
EDGE_WEIGHT_FORMAT : FULL_MATRIX
EDGE_WEIGHT_SECTION
100000 -100000 100000 100000 100000 100000 100000 100000 100000 100000 100000 100000 100000 100000 
100000 100000 71 513 1742 2119 2214 1908 1662 1587 1598 1780 1591 304 
0 0 100000 -270 423 691 748 563 -32 43 667 905 828 593 
0 0 -270 100000 271 542 599 350 -275 -138 590 830 753 589 
0 0 423 271 100000 -229 -171 -305 336 591 1967 2327 2315 1932 
0 0 691 542 -229 100000 -299 -156 591 854 2358 2723 2720 2335 
0 0 748 599 -171 -299 100000 -250 498 755 2301 2676 2718 2361 
0 0 563 350 -305 -156 -250 100000 248 506 1927 2301 2349 2004 
0 0 -32 -275 336 591 498 248 100000 -239 506 752 850 680 
0 0 43 -138 591 854 755 506 -239 100000 272 522 620 437 
0 0 667 590 1967 2358 2301 1927 506 272 100000 -242 -147 -108 
0 0 905 830 2327 2723 2676 2301 752 522 -242 100000 -287 -114 
0 0 828 753 2315 2720 2718 2349 850 620 -147 -287 100000 -159 
0 0 593 589 1932 2335 2361 2004 680 437 -108 -114 -159 100000 
