NAME : amtsp
TYPE : ATSP
DIMENSION : 32
EDGE_WEIGHT_TYPE : EXPLICIT
EDGE_WEIGHT_FORMAT : FULL_MATRIX
EDGE_WEIGHT_SECTION
100000 -100000 100000 100000 100000 100000 100000 100000 100000 100000 100000 100000 100000 100000 100000 100000 100000 100000 100000 100000 100000 100000 100000 100000 100000 100000 100000 100000 100000 100000 100000 100000 
100000 100000 1925 2125 2801 2675 2801 2125 1594 1594 2125 1925 2125 2801 2675 2801 -297 -319 -68 -69 1571 1840 1700 476 480 1700 1848 1578 441 202 180 442 
0 0 100000 466 702 500 702 466 702 2455 3156 3050 3156 3880 3800 3880 2165 2123 2488 2489 2566 2696 2380 2224 785 877 737 513 420 633 676 420 
0 0 466 100000 500 702 2388 2200 2388 2851 3450 3156 3050 3800 3880 4110 2269 2374 2691 2558 2493 2489 2124 2102 634 675 420 420 510 748 863 730 
0 0 702 500 100000 466 2200 2388 2851 3450 4110 3880 3800 4550 4614 4802 2981 3038 3381 3285 3240 3236 2870 2850 2448 2497 2117 2116 2204 2535 2698 2368 
0 0 500 702 466 100000 466 689 2455 3156 3880 3800 3880 4614 4550 4614 2912 2869 3235 3236 3291 3384 3042 2930 2556 2703 2374 2208 2117 2447 2496 2116 
0 0 702 2388 2200 466 100000 500 2300 3050 3800 3880 4110 4802 4614 4550 3069 2929 3287 3384 3527 3698 3398 3218 2905 3111 2849 2593 2374 2643 2568 2208 
0 0 466 2200 2388 689 500 100000 500 2300 3050 3156 3450 4110 3880 3800 2396 2215 2561 2696 2886 3106 2854 2627 2390 2637 2474 2149 739 834 775 513 
0 0 702 2388 2851 2455 2300 500 100000 499 2300 2455 2851 3450 3156 3050 739 517 769 859 2345 2633 2477 2198 2122 2391 2392 2045 639 598 404 405 
0 0 2455 2851 3450 3156 3050 2300 499 100000 500 702 2388 2851 2455 2300 598 404 403 637 2044 2390 2391 2102 2246 2477 2641 2351 881 739 517 780 
0 0 3156 3450 4110 3880 3800 3050 2300 500 100000 466 2200 2388 702 500 834 775 530 751 2154 2479 2637 2401 2687 2854 3117 2894 2709 2396 2215 2575 
0 0 3050 3156 3880 3800 3880 3156 2455 702 466 100000 466 702 500 702 633 676 431 430 519 749 877 797 2287 2380 2709 2575 2504 2165 2123 2503 
0 0 3156 3050 3800 3880 4110 3450 2851 2388 2200 466 100000 500 702 2388 748 863 743 533 427 430 675 675 2157 2124 2504 2503 2572 2269 2374 2705 
0 0 3880 3800 4550 4614 4802 4110 3450 2851 2388 702 500 100000 466 2200 2535 2698 2380 2218 2126 2132 2497 2506 2906 2870 3251 3250 3299 2981 3038 3395 
0 0 3800 3880 4614 4550 4614 3880 3156 2455 702 500 702 466 100000 466 2447 2496 2130 2132 2218 2386 2703 2600 2992 3042 3398 3301 3251 2912 2869 3250 
0 0 3880 4110 4802 4614 4550 3800 3050 2300 500 702 2388 2200 466 100000 2643 2568 2222 2386 2601 2858 3111 2934 3280 3398 3711 3536 3398 3068 2929 3301 
0 0 2165 2269 2981 2912 3069 2396 739 598 834 633 748 2535 2447 2643 100000 -281 -202 -272 -150 81 31 -162 442 607 738 649 548 310 367 623 
0 0 2123 2374 3038 2869 2929 2215 517 404 775 676 863 2698 2496 2568 -281 100000 -255 -160 68 299 224 31 636 800 929 696 605 367 250 505 
0 0 2488 2691 3381 3235 3287 2561 769 403 530 431 743 2380 2130 2222 -202 -255 100000 -266 -32 200 1041 865 1539 1657 1825 1683 1585 1364 1295 1550 
0 0 2489 2558 3285 3236 3384 2696 859 637 751 430 533 2218 2132 2386 -272 -160 -266 100000 -266 -33 827 672 1397 1480 1683 1585 1550 1326 1347 1585 
0 0 2566 2493 3240 3291 3527 2886 2345 2044 2154 519 427 2126 2218 2601 -150 68 -32 -266 100000 -266 -149 -227 555 598 857 827 856 642 701 962 
0 0 2696 2489 3236 3384 3698 3106 2633 2390 2479 749 430 2132 2386 2858 81 299 200 -33 -266 100000 544 621 1352 1295 1550 1585 1683 1521 1657 1825 
0 0 2380 2124 2870 3042 3398 2854 2477 2391 2637 877 675 2497 2703 3111 31 224 1041 827 -149 544 100000 -303 354 250 505 630 707 607 800 911 
0 0 2224 2102 2850 2930 3218 2627 2198 2102 2401 797 675 2506 2600 2934 -162 31 865 672 -227 621 -303 100000 284 330 588 534 632 505 671 815 
0 0 785 634 2448 2556 2905 2390 2122 2246 2687 2287 2157 2906 2992 3280 442 636 1539 1397 555 1352 354 284 100000 -307 -194 -243 428 317 536 625 
0 0 877 675 2497 2703 3111 2637 2391 2477 2854 2380 2124 2870 3042 3398 607 800 1657 1480 598 1295 250 330 -307 100000 -245 -144 568 506 700 802 
0 0 737 420 2117 2374 2849 2474 2392 2641 3117 2709 2504 3251 3398 3711 738 929 1825 1683 857 1550 505 588 -194 -245 100000 -266 466 583 802 700 
0 0 513 420 2116 2208 2593 2149 2045 2351 2894 2575 2503 3250 3301 3536 649 696 1683 1585 827 1585 630 534 -243 -144 -266 100000 233 352 571 466 
0 0 420 510 2204 2117 2374 739 639 881 2709 2504 2572 3299 3251 3398 548 605 1585 1550 856 1683 707 632 428 568 466 233 100000 -262 -144 -266 
0 0 633 748 2535 2447 2643 834 598 739 2396 2165 2269 2981 2912 3068 310 367 1364 1326 642 1521 607 505 317 506 583 352 -262 100000 -281 -187 
0 0 676 863 2698 2496 2568 775 404 517 2215 2123 2374 3038 2869 2929 367 250 1295 1347 701 1657 800 671 536 700 802 571 -144 -281 100000 -245 
0 0 420 730 2368 2116 2208 513 405 780 2575 2503 2705 3395 3250 3301 623 505 1550 1585 962 1825 911 815 625 802 700 466 -266 -187 -245 100000 
