NAME : pairopt
TYPE : ACVRP
DIMENSION : 34
EDGE_WEIGHT_TYPE : EXPLICIT
EDGE_WEIGHT_FORMAT : FULL_MATRIX
CAPACITY : 20372
VEHICLES : 2
EDGE_WEIGHT_SECTION
100000 -100000 -100000 100000 100000 100000 100000 100000 100000 100000 100000 100000 100000 100000 100000 100000 100000 100000 100000 100000 100000 100000 100000 100000 100000 100000 100000 100000 100000 100000 100000 100000 100000 100000 
100000 100000 1000000 2027 2362 2372 2015 4063 2872 2571 2645 1598 1699 3448 522 4757 1675 3163 4786 2181 2614 4396 4379 477 4832 4255 1852 3730 3885 4149 2155 2429 3973 2475 
100000 1000000 100000 -57 1125 1232 -166 4003 2569 2996 2254 1605 339 3281 128 5082 117 2936 5015 508 2406 4350 4704 436 4853 4280 1609 3584 3991 4250 1749 2125 3954 1966 
0 0 0 100000 343 233 250 3488 1976 2908 605 536 228 2727 541 4809 338 2365 4666 171 1880 3835 4440 453 4366 3809 328 3033 3581 3829 255 533 3464 355 
0 0 0 343 100000 250 233 3848 2290 3421 755 866 573 3063 675 5291 462 2691 5122 171 2283 4189 4926 798 4741 4201 675 3364 4016 4255 606 833 3847 505 
0 0 0 233 250 100000 343 3473 1915 3163 505 768 460 2688 772 4952 562 2316 4766 171 1918 3814 4591 683 4366 3828 554 2989 3653 3888 357 584 3473 256 
0 0 0 250 233 343 100000 3861 2336 3193 854 658 362 3096 447 5159 229 2731 5031 171 2254 4208 4787 571 4741 4184 577 3402 3953 4202 505 783 3839 605 
0 0 0 3488 3848 3473 3861 100000 2359 2888 2716 3309 3534 598 4013 2869 3907 1960 2435 3662 2411 241 2652 3536 743 352 3197 430 488 543 3108 2721 123 3091 
0 0 0 1976 2290 1915 2336 2359 100000 2673 241 894 2113 516 2625 4005 2448 269 3744 2117 225 2699 3671 2233 3255 2729 717 791 2612 2825 588 311 2370 490 
0 0 0 2908 3421 3163 3193 2888 2673 100000 2765 1071 2680 2677 2894 2994 2997 2643 3083 3164 2373 3140 2619 2444 3407 2881 1126 2821 2414 2653 2654 2521 2730 2940 
0 0 0 605 755 505 854 2716 241 2765 100000 782 684 1931 1047 4292 953 519 4060 680 294 3057 3946 849 3610 3078 569 2232 2934 3158 343 177 2721 249 
0 0 0 536 866 768 658 3309 894 1071 782 100000 306 2658 526 4276 565 1065 4215 700 679 3649 3898 166 4119 3541 213 2947 3217 3480 451 605 3236 683 
0 0 0 228 573 460 362 3534 2113 2680 684 306 100000 2812 368 4683 254 2471 4586 394 1937 3881 4308 223 4387 3816 230 3115 3540 3797 338 626 3487 562 
0 0 0 2727 3063 2688 3096 598 516 2677 1931 2658 2812 100000 3311 3425 3173 248 3086 2886 703 788 3133 2862 2487 874 2491 287 798 947 2354 1965 687 2306 
0 0 0 541 675 772 447 4013 2625 2894 1047 526 368 3311 100000 5011 212 2978 4964 606 2436 4358 4631 361 4848 4272 594 3612 3964 4225 700 976 3955 877 
0 0 0 4809 5291 4952 5159 2869 4005 2994 4292 4276 4683 3425 5011 100000 5049 3699 386 5049 3862 2775 390 4521 2475 2459 4357 3280 1015 966 4459 4154 2718 4615 
0 0 0 338 462 562 229 3907 2448 2997 953 565 254 3173 212 5049 100000 2823 4963 395 2302 4255 4672 405 4766 4196 486 3478 3922 4179 601 881 3865 704 
0 0 0 2365 2691 2316 2731 1960 269 2643 519 1065 2471 248 2978 3699 2823 100000 3399 2517 382 2299 3383 2550 2857 2341 970 529 2268 2463 870 591 1980 768 
0 0 0 4666 5122 4766 5031 2435 3744 3083 4060 4215 4586 3086 4964 386 4963 3399 100000 4892 3650 2285 443 4464 1929 2000 4246 2895 884 771 4298 3960 2308 4408 
0 0 0 171 171 171 171 3662 2117 3164 680 700 394 2886 606 5049 395 2517 4892 100000 2071 4007 4682 618 4550 4001 501 3190 3796 4039 431 658 3651 430 
0 0 0 1880 2283 1918 2254 2411 225 2373 294 679 1937 703 2436 3862 2302 382 3650 2071 100000 2758 3512 1999 3286 2731 594 903 2535 2771 477 224 2384 552 
0 0 0 3835 4189 3814 4208 241 2699 3140 3057 3649 3881 788 4358 2775 4255 2299 2285 4007 2758 100000 2617 3878 515 230 3543 637 613 463 3455 3067 299 3432 
0 0 0 4440 4926 4591 4787 2652 3671 2619 3946 3898 4308 3133 4631 390 4672 3383 443 4682 3512 2617 100000 4142 2424 2280 3984 3018 867 835 4095 3799 2486 4261 
0 0 0 453 798 683 571 3536 2233 2444 849 166 223 2862 361 4521 405 2550 4464 618 1999 3878 4142 100000 4357 3780 279 3156 3463 3725 506 695 3469 737 
0 0 0 4366 4741 4366 4741 743 3255 3407 3610 4119 4387 2487 4848 2475 4766 2857 1929 4550 3286 515 2424 4357 100000 437 4044 2204 721 531 3985 3601 669 3985 
0 0 0 3809 4201 3828 4184 352 2729 2881 3078 3541 3816 874 4272 2459 4196 2341 2000 4001 2731 230 2280 3780 437 100000 3472 755 384 232 3427 3048 281 3449 
0 0 0 328 675 554 577 3197 717 1126 569 213 230 2491 594 4357 486 970 4246 501 594 3543 3984 279 4044 3472 100000 2791 3195 3451 243 400 3145 472 
0 0 0 3033 3364 2989 3402 430 791 2821 2232 2947 3115 287 3612 3280 3478 529 2895 3190 903 637 3018 3156 2204 755 2791 100000 1485 1564 2660 2271 1193 2607 
0 0 0 3581 4016 3653 3953 488 2612 2414 2934 3217 3540 798 3964 1015 3922 2268 884 3796 2535 613 867 3463 721 384 3195 1485 100000 187 3205 2850 365 3288 
0 0 0 3829 4255 3888 4202 543 2825 2653 3158 3480 3797 947 4225 966 4179 2463 771 4039 2771 463 835 3725 531 232 3451 1564 187 100000 3451 3088 462 3518 
0 0 0 255 606 357 505 3108 588 2654 343 451 338 2354 700 4459 601 870 4298 431 477 3455 4095 506 3985 3427 243 2660 3205 3451 100000 278 3083 232 
0 0 0 533 833 584 783 2721 311 2521 177 605 626 1965 976 4154 881 591 3960 658 224 3067 3799 695 3601 3048 400 2271 2850 3088 278 100000 2700 327 
0 0 0 3464 3847 3473 3839 123 2370 2730 2721 3236 3487 687 3955 2718 3865 1980 2308 3651 2384 299 2486 3469 669 281 3145 1193 365 462 3083 2700 100000 3093 
0 0 0 355 505 256 605 3091 490 2940 249 683 562 2306 877 4615 704 768 4408 430 552 3432 4261 737 3985 3449 472 2607 3288 3518 232 327 3093 100000 
DEMAND_SECTION
1 0
2 0
3 0
4 991
5 991
6 991
7 991
8 420
9 843
10 66
11 977
12 509
13 937
14 723
15 478
16 315
17 963
18 699
19 355
20 3966
21 465
22 932
23 291
24 345
25 3966
26 968
27 830
28 244
29 151
30 963
31 973
32 480
33 347
34 977
DEPOT_SECTION
1
EOF