NAME : pairopt
TYPE : ACVRP
DIMENSION : 35
EDGE_WEIGHT_TYPE : EXPLICIT
EDGE_WEIGHT_FORMAT : FULL_MATRIX
CAPACITY : 42769
VEHICLES : 2
EDGE_WEIGHT_SECTION
100000 -100000 -100000 100000 100000 100000 100000 100000 100000 100000 100000 100000 100000 100000 100000 100000 100000 100000 100000 100000 100000 100000 100000 100000 100000 100000 100000 100000 100000 100000 100000 100000 100000 100000 100000 
100000 100000 1000000 2383 2417 2555 1731 2213 2547 451 2244 2239 2016 3226 1669 1902 2173 1840 1643 1764 2540 557 -301 2488 3204 3112 1835 1848 465 439 523 397 1694 1766 1711 
100000 1000000 100000 3081 2894 1931 1755 1553 2017 1578 1623 2875 498 2543 2019 549 1682 2196 2183 600 1841 381 1722 2164 2764 2520 -29 1815 1710 1956 2001 2024 2369 2450 2303 
0 0 0 100000 2200 4099 2849 3760 4023 2651 3794 466 3595 4802 2496 3362 3654 2391 2116 3119 4122 2941 2163 3792 4550 4614 3309 3046 2561 2112 812 759 513 491 739 
0 0 0 2200 100000 4022 2115 3291 4096 2137 3716 466 3289 4550 3104 2799 3736 485 2841 2497 3806 2483 2211 4102 4802 4614 3419 3449 2965 2636 723 846 730 2383 510 
0 0 0 4099 4022 100000 2804 677 233 2690 210 3985 574 533 2624 1019 343 3313 2948 2455 407 2367 2795 635 751 430 582 873 2407 2824 3119 3089 3448 3396 3425 
0 0 0 2849 2115 2804 100000 868 2952 211 2521 2373 1020 3254 2594 472 2634 435 2552 257 2511 369 695 3113 3714 3401 1074 2646 2318 2272 604 804 914 2481 688 
0 0 0 3760 3291 677 868 100000 911 969 614 3445 222 2085 2752 444 809 2568 2936 649 400 744 1382 2489 2851 2362 851 2434 2448 2707 2587 2695 3010 3177 2862 
0 0 0 4023 4096 233 2952 911 100000 2795 306 3984 689 743 2448 1261 249 3410 2801 2633 640 2500 2786 401 530 431 494 771 2277 2719 3143 3065 3425 3299 3448 
0 0 0 2651 2137 2690 211 969 2795 100000 2390 2255 843 3219 2297 526 2454 442 2254 322 2478 261 483 2897 3537 3286 1043 2380 2026 1975 428 631 723 2217 630 
0 0 0 3794 3716 210 2521 614 306 2390 100000 3672 384 739 2369 798 237 3012 2673 2187 405 2076 2483 612 827 641 371 754 2130 2532 2806 2778 3136 3099 3112 
0 0 0 466 466 3985 2373 3445 3984 2255 3672 100000 3352 4614 2698 2988 3610 680 2368 2707 3890 2594 1998 3872 4614 4550 3267 3154 2645 2234 626 649 420 681 420 
0 0 0 3595 3289 574 1020 222 689 843 384 3352 100000 2069 2454 434 586 2567 2669 645 383 617 1190 2173 2597 2190 605 2105 2158 2460 2478 2533 2871 2967 2771 
0 0 0 4802 4550 533 3254 2085 743 3219 739 4614 2069 100000 3392 2575 868 3825 3705 2872 499 2873 3459 2389 2200 466 2373 2857 3162 3562 3739 3760 4111 4122 4037 
0 0 0 2496 3104 2624 2594 2752 2448 2297 2369 2698 2454 3392 100000 2611 2118 2656 254 2562 2862 2298 685 2116 2869 3038 701 423 228 328 930 766 1008 684 1094 
0 0 0 3362 2799 1019 472 444 1261 526 798 2988 434 2575 2611 100000 1050 2078 2712 217 730 319 981 2701 3191 2786 922 2441 2301 2453 2156 2315 2598 2844 2410 
0 0 0 3654 3736 343 2634 809 249 2454 237 3610 586 868 2118 1050 100000 3061 2455 2343 644 2181 2412 401 780 680 244 521 1921 2355 2772 2690 3050 2935 3077 
0 0 0 2391 485 3313 435 2568 3410 442 3012 680 2567 3825 2656 2078 3061 100000 2489 690 3081 745 699 3472 4140 3909 2762 2882 2447 2231 407 632 642 2218 408 
0 0 0 2116 2841 2948 2552 2936 2801 2254 2673 2368 2669 3705 254 2712 2455 2489 100000 2603 3125 2344 575 2496 3250 3395 1095 703 414 186 812 590 1483 428 1660 
0 0 0 3119 2497 2455 257 649 2633 322 2187 2707 645 2872 2562 217 2343 690 2603 100000 2131 248 788 2858 3407 3048 977 2492 2261 2330 749 934 1044 2655 953 
0 0 0 4122 3806 407 2511 400 640 2478 405 3890 383 499 2862 730 644 3081 3125 2131 100000 2132 2763 2213 2399 695 761 2410 2590 2942 3015 3064 3406 3475 3308 
0 0 0 2941 2483 2367 369 744 2500 261 2076 2594 617 2873 2298 319 2181 745 2344 248 2132 100000 712 2666 3260 2965 806 2248 1998 2074 716 841 1056 2429 918 
0 0 0 2163 2211 2795 695 1382 2786 483 2483 1998 1190 3459 685 981 2412 699 575 788 2763 712 100000 2709 3434 3353 948 887 527 389 287 214 466 561 490 
0 0 0 3792 4102 635 3113 2489 401 2897 612 3872 2173 2389 2116 2701 401 3472 2496 2858 2213 2666 2709 100000 505 695 492 497 2042 2488 3098 2947 3293 3055 3390 
0 0 0 4550 4802 751 3714 2851 530 3537 827 4614 2597 2200 2869 3191 780 4140 3250 3407 2399 3260 3434 505 100000 466 2183 2303 2798 3244 3815 3687 4038 3812 4113 
0 0 0 4614 4614 430 3401 2362 431 3286 641 4550 2190 466 3038 2786 680 3909 3395 3048 695 2965 3353 695 466 100000 2105 2460 2872 3312 3694 3639 3999 3893 4000 
0 0 0 3309 3419 582 1074 851 494 1043 371 3267 605 2373 701 922 244 2762 1095 977 761 806 948 492 2183 2105 100000 -101 568 881 2439 2345 2704 2593 2742 
0 0 0 3046 3449 873 2646 2434 771 2380 754 3154 2105 2857 423 2441 521 2882 703 2492 2410 2248 887 497 2303 2460 -101 100000 364 665 2434 2241 2574 2309 2708 
0 0 0 2561 2965 2407 2318 2448 2277 2026 2130 2645 2158 3162 228 2301 1921 2447 414 2261 2590 1998 527 2042 2798 2872 568 364 100000 315 796 673 913 717 1015 
0 0 0 2112 2636 2824 2272 2707 2719 1975 2532 2234 2460 3562 328 2453 2355 2231 186 2330 2942 2074 389 2488 3244 3312 881 665 315 100000 643 421 616 409 743 
0 0 0 812 723 3119 604 2587 3143 428 2806 626 2478 3739 930 2156 2772 407 812 749 3015 716 287 3098 3815 3694 2439 2434 796 643 100000 223 302 614 206 
0 0 0 759 846 3089 804 2695 3065 631 2778 649 2533 3760 766 2315 2690 632 590 934 3064 841 214 2947 3687 3639 2345 2241 673 421 223 100000 241 414 329 
0 0 0 513 730 3448 914 3010 3425 723 3136 420 2871 4111 1008 2598 3050 642 1483 1044 3406 1056 466 3293 4038 3999 2704 2574 913 616 302 241 100000 403 233 
0 0 0 491 2383 3396 2481 3177 3299 2217 3099 681 2967 4122 684 2844 2935 2218 428 2655 3475 2429 561 3055 3812 3893 2593 2309 717 409 614 414 403 100000 637 
0 0 0 739 510 3425 688 2862 3448 630 3112 420 2771 4037 1094 2410 3077 408 1660 953 3308 918 490 3390 4113 4000 2742 2708 1015 743 206 329 233 637 100000 
DEMAND_SECTION
1 0
2 0
3 0
4 3966
5 3966
6 977
7 963
8 578
9 977
10 515
11 619
12 3966
13 465
14 3966
15 938
16 437
17 977
18 3693
19 977
20 864
21 3731
22 4
23 127
24 3910
25 3966
26 3966
27 610
28 3829
29 427
30 409
31 557
32 832
33 977
34 3847
35 977
DEPOT_SECTION
1
EOF