NAME : pairopt
TYPE : ACVRP
DIMENSION : 15
EDGE_WEIGHT_TYPE : EXPLICIT
EDGE_WEIGHT_FORMAT : FULL_MATRIX
CAPACITY : 8530
VEHICLES : 2
EDGE_WEIGHT_SECTION
100000 -100000 -100000 100000 100000 100000 100000 100000 100000 100000 100000 100000 100000 100000 100000 
100000 100000 1000000 3228 2965 3296 1746 3282 887 2940 -6 1110 1100 2607 -160 
100000 1000000 100000 1998 1561 1859 1953 1795 1820 484 2091 2231 2577 -150 2357 
0 0 0 100000 375 398 3139 631 2956 602 3190 3394 3710 777 3439 
0 0 0 375 100000 225 2710 334 2574 227 2836 2991 3333 344 3097 
0 0 0 398 225 100000 2989 233 2877 313 3147 3282 3634 617 3412 
0 0 0 3139 2710 2989 100000 2846 229 2539 310 216 469 1259 475 
0 0 0 631 334 233 2846 100000 2784 241 3068 3155 3522 538 3335 
0 0 0 2956 2574 2877 229 2784 100000 2456 199 311 554 1087 376 
0 0 0 602 227 313 2539 241 2456 100000 2737 2842 3203 270 3004 
0 0 0 3190 2836 3147 310 3068 199 2737 100000 234 353 2401 190 
0 0 0 3394 2991 3282 216 3155 311 2842 234 100000 253 2516 286 
0 0 0 3710 3333 3634 469 3522 554 3203 353 253 100000 2873 254 
0 0 0 777 344 617 1259 538 1087 270 2401 2516 2873 100000 2667 
0 0 0 3439 3097 3412 475 3335 376 3004 190 286 254 2667 100000 
DEMAND_SECTION
1 0
2 0
3 0
4 3903
5 738
6 977
7 684
8 977
9 461
10 595
11 922
12 973
13 914
14 100
15 125
DEPOT_SECTION
1
EOF